0.0	-1.0
1e-06	-0.9968659636262175
2e-06	-0.9937319272524349
3e-06	-0.9905978908786524
4e-06	-0.9874638545048698
4.9999999999999996e-06	-0.9843298181310873
6e-06	-0.9811957817573047
7e-06	-0.9780617453835222
8e-06	-0.9749277090097397
9e-06	-0.9717936726359572
9.999999999999999e-06	-0.9686596362621746
1.1e-05	-0.965525599888392
1.2e-05	-0.9623915635146095
1.3e-05	-0.959257527140827
1.4e-05	-0.9561234907670444
1.4999999999999999e-05	-0.9529894543932619
1.6e-05	-0.9498554180194794
1.7e-05	-0.9467213816456967
1.8e-05	-0.9435873452719142
1.8999999999999998e-05	-0.9404619925486564
1.9999999999999998e-05	-0.9373711215056367
2.1e-05	-0.9342802504626172
2.2e-05	-0.9311893794195977
2.3e-05	-0.9280985083765781
2.4e-05	-0.9250076373335585
2.4999999999999998e-05	-0.921916766290539
2.6e-05	-0.9188258952475195
2.7e-05	-0.9157350242044999
2.8e-05	-0.9126441531614803
2.9e-05	-0.9095532821184608
2.9999999999999997e-05	-0.9064624110754412
3.1e-05	-0.9033715400324217
3.2e-05	-0.9002806689894022
3.2999999999999996e-05	-0.8971897979463825
3.4e-05	-0.894098926903363
3.5e-05	-0.8910080558603435
3.6e-05	-0.887917184817324
3.7e-05	-0.8848263137743043
3.7999999999999995e-05	-0.8817725712798864
3.9e-05	-0.878773980901352
3.9999999999999996e-05	-0.8757753905228176
4.1e-05	-0.8727768001442833
4.2e-05	-0.8697782097657489
4.2999999999999995e-05	-0.8667796193872145
4.4e-05	-0.8637810290086801
4.4999999999999996e-05	-0.8607824386301458
4.6e-05	-0.8577838482516114
4.7e-05	-0.854785257873077
4.8e-05	-0.8517866674945427
4.9e-05	-0.8487880771160083
4.9999999999999996e-05	-0.845789486737474
5.1e-05	-0.8427908963589396
5.2e-05	-0.8397923059804052
5.3e-05	-0.8367937156018709
5.4e-05	-0.8337951252233364
5.4999999999999995e-05	-0.8307965348448021
5.6e-05	-0.8277979444662678
5.6999999999999996e-05	-0.8247993540877334
5.8e-05	-0.821800763709199
5.9e-05	-0.8189312816574407
5.9999999999999995e-05	-0.8160770219848215
6.1e-05	-0.8132227623122023
6.2e-05	-0.810368502639583
6.3e-05	-0.8075142429669638
6.4e-05	-0.8046599832943447
6.5e-05	-0.8018057236217255
6.599999999999999e-05	-0.7989514639491063
6.7e-05	-0.7960972042764871
6.8e-05	-0.793242944603868
6.9e-05	-0.7903886849312488
7e-05	-0.7875344252586296
7.099999999999999e-05	-0.7846801655860105
7.2e-05	-0.7818259059133913
7.3e-05	-0.7789716462407721
7.4e-05	-0.7761173865681529
7.5e-05	-0.7732631268955338
7.599999999999999e-05	-0.7704088672229146
7.7e-05	-0.7675546075502954
7.8e-05	-0.7647003478776762
7.9e-05	-0.7619202041285303
7.999999999999999e-05	-0.7592575977529722
8.099999999999999e-05	-0.756594991377414
8.2e-05	-0.7539323850018559
8.3e-05	-0.7512697786262977
8.4e-05	-0.7486071722507396
8.499999999999999e-05	-0.7459445658751814
8.599999999999999e-05	-0.7432819594996233
8.7e-05	-0.740619353124065
8.8e-05	-0.7379567467485069
8.9e-05	-0.7352941403729487
8.999999999999999e-05	-0.7326315339973906
9.099999999999999e-05	-0.7299689276218324
9.2e-05	-0.7273063212462743
9.3e-05	-0.7246437148707161
9.4e-05	-0.721981108495158
9.499999999999999e-05	-0.7193185021195998
9.6e-05	-0.7166558957440416
9.7e-05	-0.7139932893684835
9.8e-05	-0.7113306829929253
9.9e-05	-0.7086680766173672
9.999999999999999e-05	-0.7062127181461787
0.000101	-0.7037859138307024
0.000102	-0.7013591095152261
0.000103	-0.6989323051997498
0.000104	-0.6965055008842735
0.00010499999999999999	-0.6940786965687972
0.000106	-0.6916518922533209
0.000107	-0.6892250879378445
0.000108	-0.6867982836223683
0.00010899999999999999	-0.684371479306892
0.00010999999999999999	-0.6819446749914156
0.000111	-0.6795178706759394
0.000112	-0.677091066360463
0.000113	-0.6746642620449868
0.00011399999999999999	-0.6722374577295105
0.00011499999999999999	-0.6698106534140341
0.000116	-0.6673838490985579
0.000117	-0.6649570447830815
0.000118	-0.6625302404676052
0.00011899999999999999	-0.660103436152129
0.00011999999999999999	-0.6577790691738935
0.000121	-0.6556283065250839
0.000122	-0.6534775438762742
0.00012299999999999998	-0.6513267812274647
0.000124	-0.649176018578655
0.000125	-0.6470252559298454
0.000126	-0.6448744932810357
0.000127	-0.6427237306322261
0.000128	-0.6405729679834166
0.000129	-0.6384222053346069
0.00013	-0.6362714426857973
0.00013099999999999999	-0.6341206800369876
0.00013199999999999998	-0.6319699173881781
0.000133	-0.6298191547393683
0.000134	-0.6276683920905588
0.000135	-0.6255176294417492
0.000136	-0.6233668667929395
0.000137	-0.6212161041441299
0.000138	-0.6190653414953203
0.000139	-0.6169145788465107
0.00014	-0.614763816197701
0.00014099999999999998	-0.6128821339266536
0.00014199999999999998	-0.6110430661950687
0.000143	-0.6092039984634837
0.000144	-0.6073649307318988
0.000145	-0.605525863000314
0.000146	-0.603686795268729
0.000147	-0.6018477275371441
0.000148	-0.6000086598055592
0.000149	-0.5981695920739744
0.00015	-0.5963305243423894
0.00015099999999999998	-0.5944914566108045
0.00015199999999999998	-0.5926523888792197
0.000153	-0.5908133211476346
0.000154	-0.5889742534160498
0.000155	-0.5871351856844649
0.000156	-0.58529611795288
0.000157	-0.583457050221295
0.000158	-0.5816179824897102
0.000159	-0.5797789147581253
0.00015999999999999999	-0.5779398470265403
0.00016099999999999998	-0.576222418944031
0.00016199999999999998	-0.5747255462691797
0.000163	-0.5732286735943285
0.000164	-0.5717318009194772
0.000165	-0.570234928244626
0.000166	-0.5687380555697746
0.000167	-0.5672411828949234
0.000168	-0.5657443102200722
0.000169	-0.5642474375452209
0.00016999999999999999	-0.5627505648703697
0.00017099999999999998	-0.5612536921955183
0.00017199999999999998	-0.5597568195206671
0.000173	-0.5582599468458158
0.000174	-0.5567630741709646
0.000175	-0.5552662014961134
0.000176	-0.5537693288212621
0.000177	-0.5522724561464109
0.000178	-0.5507755834715595
0.000179	-0.5492787107967083
0.00017999999999999998	-0.5477818381218571
0.00018099999999999998	-0.5462849654470058
0.00018199999999999998	-0.5450991937319352
0.000183	-0.5439693341709232
0.000184	-0.5428394746099112
0.000185	-0.5417096150488993
0.000186	-0.5405797554878873
0.000187	-0.5394498959268753
0.000188	-0.5383200363658635
0.00018899999999999999	-0.5371901768048515
0.00018999999999999998	-0.5360603172438395
0.00019099999999999998	-0.5349304576828275
0.000192	-0.5338005981218156
0.000193	-0.5326707385608036
0.000194	-0.5315408789997916
0.000195	-0.5304110194387797
0.000196	-0.5292811598777677
0.000197	-0.5281513003167558
0.000198	-0.5270214407557439
0.00019899999999999999	-0.5258915811947319
0.00019999999999999998	-0.5247617216337199
0.00020099999999999998	-0.523631862072708
0.000202	-0.5226330945832325
0.000203	-0.5218889772097206
0.000204	-0.5211448598362086
0.000205	-0.5204007424626966
0.000206	-0.5196566250891848
0.000207	-0.5189125077156728
0.000208	-0.5181683903421609
0.00020899999999999998	-0.5174242729686489
0.00020999999999999998	-0.516680155595137
0.00021099999999999998	-0.515936038221625
0.000212	-0.515191920848113
0.000213	-0.5144478034746012
0.000214	-0.5137036861010892
0.000215	-0.5129595687275773
0.000216	-0.5122154513540653
0.000217	-0.5114713339805534
0.00021799999999999999	-0.5107272166070415
0.00021899999999999998	-0.5099830992335296
0.00021999999999999998	-0.5092389818600176
0.00022099999999999998	-0.5084948644865057
0.000222	-0.5077507471129937
0.000223	-0.5073378471646957
0.000224	-0.5069918127059904
0.000225	-0.506645778247285
0.000226	-0.5062997437885796
0.000227	-0.5059537093298743
0.00022799999999999999	-0.5056076748711689
0.00022899999999999998	-0.5052616404124635
0.00022999999999999998	-0.5049156059537581
0.00023099999999999998	-0.5045695714950528
0.000232	-0.5042235370363474
0.000233	-0.503877502577642
0.000234	-0.5035314681189366
0.000235	-0.5031854336602313
0.000236	-0.5028393992015259
0.000237	-0.5024933647428205
0.00023799999999999998	-0.5021473302841151
0.00023899999999999998	-0.5018012958254098
0.00023999999999999998	-0.5014552613667044
0.00024099999999999998	-0.501109226907999
0.000242	-0.5007631924492936
0.000243	-0.500526225055967
0.000244	-0.5005165902205875
0.000245	-0.5005069553852081
0.00024599999999999996	-0.5004973205498285
0.000247	-0.5004876857144491
0.000248	-0.5004780508790696
0.000249	-0.5004684160436902
0.00025	-0.5004587812083107
0.000251	-0.5004491463729313
0.000252	-0.5004395115375517
0.00025299999999999997	-0.5004298767021723
0.000254	-0.5004202418667928
0.00025499999999999996	-0.5004106070314134
0.000256	-0.500400972196034
0.000257	-0.5005671387910872
0.000258	-0.5008269959688215
0.000259	-0.501086853146556
0.00026	-0.5013467103242903
0.000261	-0.5016065675020247
0.00026199999999999997	-0.5018664246797591
0.000263	-0.5021262818574935
0.00026399999999999997	-0.5023861390352279
0.000265	-0.5026459962129622
0.000266	-0.5029058533906967
0.000267	-0.5031657105684311
0.000268	-0.5034255677461654
0.000269	-0.5036854249238998
0.00027	-0.5039452821016343
0.000271	-0.5045323283785935
0.000272	-0.5051258923666888
0.00027299999999999997	-0.5057194563547841
0.000274	-0.5063130203428793
0.00027499999999999996	-0.5069065843309746
0.000276	-0.5075001483190699
0.000277	-0.5080937123071652
0.000278	-0.5086872762952603
0.000279	-0.5092808402833556
0.00028	-0.5098744042714509
0.000281	-0.5104679682595462
0.00028199999999999997	-0.5110615322476414
0.000283	-0.5116550962357367
0.00028399999999999996	-0.512248660223832
0.000285	-0.5128422242119273
0.000286	-0.5134357882000226
0.000287	-0.5140293521881177
0.000288	-0.514622916176213
0.000289	-0.5152164801643083
0.00029	-0.5158100441524036
0.00029099999999999997	-0.5165885183584248
0.000292	-0.5175732973530305
0.00029299999999999997	-0.5185580763476362
0.000294	-0.5195428553422419
0.00029499999999999996	-0.5205276343368476
0.000296	-0.5215124133314533
0.000297	-0.522497192326059
0.000298	-0.5234819713206647
0.000299	-0.5244667503152703
0.0003	-0.525451529309876
0.000301	-0.5264363083044817
0.00030199999999999997	-0.5274210872990874
0.000303	-0.5284058662936931
0.00030399999999999996	-0.5293906452882988
0.000305	-0.5303754242829045
0.000306	-0.5313602032775103
0.000307	-0.532344982272116
0.000308	-0.5333297612667217
0.000309	-0.5343145402613274
0.00031	-0.5352993192559331
0.00031099999999999997	-0.5362840982505388
0.000312	-0.5376305814811347
0.00031299999999999996	-0.5389902442183
0.000314	-0.5403499069554653
0.00031499999999999996	-0.5417095696926305
0.000316	-0.5430692324297958
0.000317	-0.544428895166961
0.000318	-0.5457885579041262
0.000319	-0.5471482206412915
0.00031999999999999997	-0.5485078833784567
0.000321	-0.5498675461156219
0.00032199999999999997	-0.5512272088527872
0.000323	-0.5525868715899525
0.00032399999999999996	-0.5539465343271176
0.000325	-0.555306197064283
0.000326	-0.5566658598014482
0.000327	-0.5580255225386134
0.000328	-0.5593851852757786
0.000329	-0.5607448480129439
0.00033	-0.5621045107501091
0.00033099999999999997	-0.5634641734872743
0.000332	-0.5649848672662713
0.00033299999999999996	-0.5666968714282877
0.000334	-0.5684088755903042
0.000335	-0.5701208797523206
0.000336	-0.5718328839143371
0.000337	-0.5735448880763535
0.000338	-0.57525689223837
0.000339	-0.5769688964003864
0.00033999999999999997	-0.5786809005624028
0.000341	-0.5803929047244193
0.00034199999999999996	-0.5821049088864357
0.000343	-0.5838169130484522
0.00034399999999999996	-0.5855289172104686
0.000345	-0.5872409213724851
0.000346	-0.5889529255345016
0.000347	-0.590664929696518
0.000348	-0.5923769338585345
0.00034899999999999997	-0.5940889380205508
0.00035	-0.5958009421825674
0.00035099999999999997	-0.5975129463445837
0.000352	-0.5992249505066003
0.00035299999999999996	-0.6012444608893031
0.000354	-0.6032804222220784
0.000355	-0.605316383554854
0.000356	-0.6073523448876292
0.000357	-0.6093883062204047
0.000358	-0.61142426755318
0.000359	-0.6134602288859554
0.00035999999999999997	-0.6154961902187308
0.000361	-0.6175321515515062
0.00036199999999999996	-0.6195681128842816
0.000363	-0.621604074217057
0.00036399999999999996	-0.6236400355498324
0.000365	-0.6256759968826078
0.000366	-0.6277119582153833
0.000367	-0.6297479195481586
0.000368	-0.631783880880934
0.00036899999999999997	-0.6338198422137094
0.00037	-0.6358558035464847
0.00037099999999999996	-0.6378917648792601
0.000372	-0.6399277262120355
0.00037299999999999996	-0.6420917805944554
0.000374	-0.6444179350308396
0.000375	-0.6467440894672236
0.000376	-0.6490702439036076
0.000377	-0.6513963983399916
0.00037799999999999997	-0.6537225527763757
0.000379	-0.6560487072127598
0.00037999999999999997	-0.6583748616491437
0.000381	-0.6607010160855278
0.00038199999999999996	-0.6630271705219117
0.000383	-0.6653533249582959
0.000384	-0.66767947939468
0.000385	-0.6700056338310639
0.000386	-0.672331788267448
0.000387	-0.674657942703832
0.000388	-0.6769840971402161
0.00038899999999999997	-0.6793102515766001
0.00039	-0.6816364060129841
0.00039099999999999996	-0.6839625604493681
0.000392	-0.6862887148857522
0.00039299999999999996	-0.6886148693221361
0.000394	-0.6911759444305327
0.000395	-0.6937537293775194
0.000396	-0.6963315143245061
0.000397	-0.6989092992714929
0.00039799999999999997	-0.7014870842184795
0.000399	-0.7040648691654663
0.00039999999999999996	-0.706642654112453
0.000401	-0.7092204390594398
0.00040199999999999996	-0.7117982240064264
0.000403	-0.7143760089534132
0.000404	-0.7169537939003999
0.000405	-0.7195315788473866
0.000406	-0.7221093637943734
0.00040699999999999997	-0.7246871487413601
0.000408	-0.7272649336883469
0.00040899999999999997	-0.7298427186353336
0.00041	-0.7324205035823202
0.00041099999999999996	-0.7349982885293069
0.000412	-0.7375760734762937
0.00041299999999999996	-0.7401538584232804
0.000414	-0.7428205841609924
0.000415	-0.7456072575705908
0.000416	-0.748393930980189
0.000417	-0.7511806043897875
0.00041799999999999997	-0.7539672777993858
0.000419	-0.7567539512089841
0.00041999999999999996	-0.7595406246185824
0.000421	-0.7623272980281808
0.00042199999999999996	-0.765113971437779
0.000423	-0.7679006448473775
0.000424	-0.7706873182569759
0.000425	-0.7734739916665742
0.000426	-0.7762606650761725
0.00042699999999999997	-0.7790473384857708
0.000428	-0.7818340118953693
0.00042899999999999997	-0.7846206853049675
0.00043	-0.7874073587145659
0.00043099999999999996	-0.7901940321241642
0.000432	-0.7929807055337625
0.00043299999999999995	-0.7957673789433608
0.000434	-0.7985540523529593
0.000435	-0.8014900653703446
0.00043599999999999997	-0.8044394236292732
0.000437	-0.807388781888202
0.00043799999999999997	-0.8103381401471306
0.000439	-0.8132874984060594
0.00043999999999999996	-0.816236856664988
0.000441	-0.8191862149239167
0.00044199999999999996	-0.8221355731828454
0.000443	-0.8250849314417742
0.000444	-0.8280342897007029
0.000445	-0.8309836479596315
0.000446	-0.8339330062185604
0.00044699999999999997	-0.836882364477489
0.000448	-0.8398317227364178
0.00044899999999999996	-0.8427810809953464
0.00045	-0.8457304392542752
0.00045099999999999996	-0.8486797975132038
0.000452	-0.8516291557721326
0.000453	-0.8545785140310613
0.000454	-0.85752787228999
0.000455	-0.8605238986015944
0.00045599999999999997	-0.8635870380175171
0.000457	-0.8666501774334399
0.00045799999999999997	-0.8697133168493626
0.000459	-0.8727764562652854
0.00045999999999999996	-0.8758395956812081
0.000461	-0.8789027350971309
0.00046199999999999995	-0.8819658745130536
0.000463	-0.8850290139289765
0.000464	-0.8880921533448993
0.00046499999999999997	-0.891155292760822
0.000466	-0.8942184321767448
0.00046699999999999997	-0.8972815715926674
0.000468	-0.9003447110085903
0.00046899999999999996	-0.903407850424513
0.00047	-0.9064709898404358
0.00047099999999999996	-0.9095341292563585
0.000472	-0.9125972686722813
0.000473	-0.9156604080882041
0.000474	-0.9187235475041268
0.000475	-0.9217866869200496
0.00047599999999999997	-0.9249066660404872
0.000477	-0.9280327966440961
0.00047799999999999996	-0.9311589272477048
0.000479	-0.9342850578513135
0.00047999999999999996	-0.9374111884549223
0.000481	-0.9405373190585311
0.00048199999999999995	-0.9436634496621398
0.000483	-0.9467895802657487
0.000484	-0.9499157108693576
0.00048499999999999997	-0.9530418414729662
0.000486	-0.956167972076575
0.00048699999999999997	-0.9592941026801838
0.000488	-0.9624202332837926
0.000489	-0.9655463638874012
0.00049	-0.9686724944910101
0.000491	-0.971798625094619
0.0004919999999999999	-0.9749247556982275
0.000493	-0.9780508863018363
0.000494	-0.9811770169054452
0.000495	-0.984303147509054
0.000496	-0.987433682509901
0.0004969999999999999	-0.9905709767342312
0.000498	-0.9937082709585618
0.000499	-0.9968455651828925
0.0005	-0.999982859407223
0.0005009999999999999	-1.0031201536315533
0.000502	-1.006257447855884
0.000503	-1.0093947420802145
0.000504	-1.012532036304545
0.000505	-1.0156693305288755
0.0005059999999999999	-1.0188066247532057
0.000507	-1.0219439189775363
0.000508	-1.025081213201867
0.000509	-1.0282185074261976
0.0005099999999999999	-1.0313558016505278
0.000511	-1.0344930958748584
0.000512	-1.037630390099189
0.000513	-1.0407676843235196
0.000514	-1.04390497854785
0.0005149999999999999	-1.0470422727721804
0.000516	-1.0501795669965108
0.000517	-1.0532806310654408
0.000518	-1.056377066612316
0.0005189999999999999	-1.0594735021591908
0.00052	-1.062569937706066
0.000521	-1.0656663732529412
0.000522	-1.0687628087998164
0.000523	-1.0718592443466917
0.0005239999999999999	-1.0749556798935664
0.000525	-1.0780521154404417
0.000526	-1.0811485509873169
0.000527	-1.084244986534192
0.0005279999999999999	-1.087341422081067
0.000529	-1.0904378576279423
0.00053	-1.0935342931748175
0.000531	-1.0966307287216928
0.000532	-1.099727164268568
0.0005329999999999999	-1.1028235998154428
0.000534	-1.105920035362318
0.000535	-1.1090164709091932
0.000536	-1.1121129064560684
0.0005369999999999999	-1.1151744076184589
0.000538	-1.1181786452021645
0.000539	-1.12118288278587
0.00054	-1.1241871203695757
0.0005409999999999999	-1.1271913579532808
0.000542	-1.1301955955369865
0.000543	-1.133199833120692
0.000544	-1.1362040707043977
0.000545	-1.1392083082881033
0.0005459999999999999	-1.1422125458718084
0.000547	-1.145216783455514
0.000548	-1.1482210210392196
0.000549	-1.151225258622925
0.0005499999999999999	-1.1542294962066304
0.000551	-1.157233733790336
0.000552	-1.1602379713740416
0.000553	-1.163242208957747
0.000554	-1.1662464465414526
0.0005549999999999999	-1.169250684125158
0.000556	-1.1722549217088634
0.000557	-1.175259159292569
0.000558	-1.1781396891276763
0.0005589999999999999	-1.1810019124349678
0.00056	-1.1838641357422597
0.000561	-1.1867263590495516
0.000562	-1.1895885823568435
0.000563	-1.1924508056641354
0.0005639999999999999	-1.1953130289714269
0.000565	-1.1981752522787188
0.000566	-1.2010374755860107
0.000567	-1.2038996988933024
0.0005679999999999999	-1.206761922200594
0.000569	-1.209624145507886
0.00057	-1.2124863688151777
0.000571	-1.2153485921224696
0.000572	-1.2182108154297615
0.0005729999999999999	-1.2210730387370532
0.000574	-1.2239352620443449
0.000575	-1.2267974853516368
0.000576	-1.2296597086589287
0.0005769999999999999	-1.2325219319662202
0.000578	-1.2353153283937335
0.000579	-1.2379880927631532
0.00058	-1.240660857132573
0.000581	-1.2433336215019928
0.0005819999999999999	-1.2460063858714123
0.000583	-1.2486791502408323
0.000584	-1.251351914610252
0.000585	-1.2540246789796718
0.0005859999999999999	-1.2566974433490914
0.000587	-1.2593702077185114
0.000588	-1.2620429720879311
0.000589	-1.264715736457351
0.0005899999999999999	-1.2673885008267705
0.0005909999999999999	-1.2700612651961902
0.000592	-1.2727340295656102
0.000593	-1.27540679393503
0.000594	-1.2780795583044497
0.0005949999999999999	-1.2807523226738693
0.000596	-1.2834250870432893
0.000597	-1.286097851412709
0.000598	-1.2887706157821288
0.0005989999999999999	-1.2912433819090277
0.0006	-1.2936823583785217
0.000601	-1.296121334848016
0.000602	-1.2985603113175104
0.000603	-1.3009992877870045
0.0006039999999999999	-1.3034382642564986
0.000605	-1.3058772407259926
0.000606	-1.308316217195487
0.000607	-1.310755193664981
0.0006079999999999999	-1.3131941701344751
0.000609	-1.3156331466039692
0.00061	-1.3180721230734636
0.000611	-1.3205110995429576
0.000612	-1.322950076012452
0.0006129999999999999	-1.3253890524819458
0.000614	-1.3278280289514401
0.000615	-1.3302670054209345
0.000616	-1.3327059818904285
0.0006169999999999999	-1.3351449583599226
0.000618	-1.3375839348294167
0.000619	-1.3399275782449511
0.00062	-1.3420923382895942
0.000621	-1.3442570983342372
0.0006219999999999999	-1.3464218583788798
0.000623	-1.348586618423523
0.000624	-1.350751378468166
0.000625	-1.352916138512809
0.0006259999999999999	-1.3550808985574516
0.000627	-1.3572456586020947
0.000628	-1.3594104186467377
0.000629	-1.3615751786913808
0.0006299999999999999	-1.3637399387360236
0.0006309999999999999	-1.3659046987806664
0.000632	-1.3680694588253095
0.000633	-1.3702342188699526
0.000634	-1.3723989789145956
0.0006349999999999999	-1.3745637389592384
0.000636	-1.3767284990038813
0.000637	-1.3788932590485243
0.000638	-1.3810580190931674
0.0006389999999999999	-1.3832227791378102
0.0006399999999999999	-1.385127089591307
0.000641	-1.38698173291348
0.000642	-1.3888363762356526
0.000643	-1.3906910195578253
0.0006439999999999999	-1.392545662879998
0.000645	-1.3944003062021706
0.000646	-1.3962549495243435
0.000647	-1.3981095928465161
0.0006479999999999999	-1.3999642361686886
0.000649	-1.4018188794908615
0.00065	-1.4036735228130341
0.000651	-1.405528166135207
0.000652	-1.4073828094573797
0.0006529999999999999	-1.4092374527795521
0.000654	-1.411092096101725
0.000655	-1.4129467394238977
0.000656	-1.4148013827460706
0.0006569999999999999	-1.416656026068243
0.000658	-1.4185106693904157
0.000659	-1.4203653127125886
0.00066	-1.422106777599925
0.000661	-1.4236205541066216
0.0006619999999999999	-1.425134330613318
0.000663	-1.4266481071200146
0.000664	-1.428161883626711
0.000665	-1.4296756601334075
0.0006659999999999999	-1.431189436640104
0.000667	-1.4327032131468005
0.000668	-1.4342169896534969
0.000669	-1.4357307661601935
0.00067	-1.43724454266689
0.0006709999999999999	-1.4387583191735864
0.000672	-1.440272095680283
0.000673	-1.4417858721869794
0.000674	-1.443299648693676
0.0006749999999999999	-1.4448134252003724
0.000676	-1.446327201707069
0.000677	-1.4478409782137656
0.000678	-1.449354754720462
0.0006789999999999999	-1.4508685312271583
0.0006799999999999999	-1.452382307733855
0.000681	-1.4535944475446783
0.000682	-1.4547422572545
0.000683	-1.4558900669643213
0.0006839999999999999	-1.4570378766741428
0.000685	-1.4581856863839642
0.000686	-1.4593334960937858
0.000687	-1.4604813058036072
0.0006879999999999999	-1.4616291155134287
0.0006889999999999999	-1.46277692522325
0.00069	-1.4639247349330717
0.000691	-1.4650725446428932
0.000692	-1.4662203543527146
0.0006929999999999999	-1.467368164062536
0.000694	-1.4685159737723577
0.000695	-1.469663783482179
0.000696	-1.4708115931920005
0.0006969999999999999	-1.471959402901822
0.0006979999999999999	-1.4731072126116436
0.000699	-1.474255022321465
0.0007	-1.4754028320312864
0.000701	-1.476428827762628
0.0007019999999999999	-1.4771916451454405
0.000703	-1.477954462528253
0.000704	-1.4787172799110657
0.000705	-1.4794800972938782
0.0007059999999999999	-1.4802429146766907
0.000707	-1.4810057320595031
0.000708	-1.4817685494423158
0.000709	-1.4825313668251283
0.00071	-1.4832941842079408
0.0007109999999999999	-1.4840570015907533
0.000712	-1.484819818973566
0.000713	-1.4855826363563784
0.000714	-1.4863454537391911
0.0007149999999999999	-1.4871082711220036
0.000716	-1.487871088504816
0.000717	-1.4886339058876286
0.000718	-1.4893967232704413
0.000719	-1.4901595406532537
0.0007199999999999999	-1.4909223580360662
0.000721	-1.4916851754188787
0.000722	-1.492126462663935
0.000723	-1.4924916389102147
0.0007239999999999999	-1.4928568151564945
0.000725	-1.4932219914027742
0.000726	-1.4935871676490542
0.000727	-1.493952343895334
0.0007279999999999999	-1.4943175201416137
0.0007289999999999999	-1.4946826963878934
0.00073	-1.4950478726341732
0.000731	-1.495413048880453
0.000732	-1.4957782251267329
0.0007329999999999999	-1.4961434013730126
0.000734	-1.4965085776192923
0.000735	-1.496873753865572
0.000736	-1.4972389301118518
0.0007369999999999999	-1.4976041063581316
0.0007379999999999999	-1.4979692826044115
0.000739	-1.4983344588506913
0.00074	-1.498699635096971
0.000741	-1.4990648113432508
0.0007419999999999999	-1.49932884335518
0.000743	-1.4993577478613183
0.000744	-1.4993866523674566
0.000745	-1.499415556873595
0.0007459999999999999	-1.4994444613797333
0.0007469999999999999	-1.4994733658858719
0.000748	-1.4995022703920102
0.000749	-1.4995311748981486
0.00075	-1.499560079404287
0.0007509999999999999	-1.4995889839104253
0.000752	-1.4996178884165638
0.000753	-1.4996467929227022
0.000754	-1.4996756974288405
0.0007549999999999999	-1.499704601934979
0.0007559999999999999	-1.499563980102531
0.000757	-1.4993233272007451
0.000758	-1.4990826742989594
0.000759	-1.4988420213971736
0.0007599999999999999	-1.4986013684953878
0.000761	-1.498360715593602
0.000762	-1.4981200626918165
0.000763	-1.4978794097900308
0.0007639999999999999	-1.497638756888245
0.000765	-1.4973981039864592
0.000766	-1.4971574510846735
0.000767	-1.4969167981828877
0.000768	-1.4966761452811022
0.0007689999999999999	-1.4964354923793164
0.00077	-1.4958752059936322
0.000771	-1.4953005687168464
0.000772	-1.4947259314400607
0.0007729999999999999	-1.494151294163275
0.000774	-1.4935766568864892
0.000775	-1.4930020196097036
0.000776	-1.4924273823329177
0.0007769999999999999	-1.491852745056132
0.0007779999999999999	-1.4912781077793462
0.000779	-1.4907034705025606
0.00078	-1.4901288332257747
0.000781	-1.489554195948989
0.0007819999999999999	-1.4889795586722034
0.000783	-1.4884049213954176
0.000784	-1.4878302841186317
0.000785	-1.487255646841846
0.0007859999999999999	-1.4866810095650604
0.0007869999999999999	-1.4861063722882746
0.000788	-1.485531735011489
0.000789	-1.484957097734703
0.00079	-1.4842064438547058
0.0007909999999999999	-1.4832399783134114
0.000792	-1.4822735127721165
0.000793	-1.4813070472308218
0.000794	-1.4803405816895272
0.0007949999999999999	-1.4793741161482326
0.0007959999999999999	-1.478407650606938
0.000797	-1.477441185065643
0.000798	-1.4764747195243484
0.000799	-1.4755082539830537
0.0007999999999999999	-1.474541788441759
0.000801	-1.4735753229004644
0.000802	-1.4726088573591696
0.000803	-1.471642391817875
0.0008039999999999999	-1.4706759262765803
0.0008049999999999999	-1.4697094607352856
0.000806	-1.468742995193991
0.000807	-1.4677765296526961
0.000808	-1.4668100641114015
0.0008089999999999999	-1.4658435985701068
0.00081	-1.4648771330288122
0.000811	-1.4635568740253861
0.000812	-1.462214594682008
0.0008129999999999999	-1.46087231533863
0.0008139999999999999	-1.4595300359952519
0.000815	-1.458187756651874
0.000816	-1.4568454773084958
0.0008169999999999999	-1.4555031979651178
0.0008179999999999999	-1.45416091862174
0.000819	-1.4528186392783617
0.00082	-1.4514763599349836
0.000821	-1.4501340805916056
0.0008219999999999999	-1.4487918012482277
0.000823	-1.4474495219048495
0.000824	-1.4461072425614716
0.000825	-1.4447649632180934
0.0008259999999999999	-1.4434226838747155
0.0008269999999999999	-1.4420804045313376
0.000828	-1.4407381251879594
0.000829	-1.4393958458445812
0.00083	-1.4380535665012033
0.0008309999999999999	-1.4365579923901597
0.000832	-1.4348621683574214
0.000833	-1.4331663443246834
0.000834	-1.431470520291945
0.0008349999999999999	-1.429774696259207
0.0008359999999999999	-1.4280788722264688
0.000837	-1.4263830481937305
0.000838	-1.4246872241609925
0.000839	-1.4229914001282542
0.0008399999999999999	-1.4212955760955162
0.000841	-1.4195997520627779
0.000842	-1.4179039280300396
0.000843	-1.4162081039973016
0.0008439999999999999	-1.4145122799645635
0.0008449999999999999	-1.4128164559318253
0.000846	-1.411120631899087
0.000847	-1.4094248078663487
0.000848	-1.4077289838336107
0.0008489999999999999	-1.4060331598008726
0.00085	-1.4043373357681344
0.000851	-1.402641511735396
0.000852	-1.4006444073403799
0.0008529999999999999	-1.3986231496673889
0.0008539999999999999	-1.3966018919943977
0.000855	-1.3945806343214064
0.000856	-1.3925593766484152
0.000857	-1.390538118975424
0.0008579999999999999	-1.388516861302433
0.000859	-1.3864956036294418
0.00086	-1.3844743459564506
0.000861	-1.3824530882834594
0.0008619999999999999	-1.3804318306104684
0.0008629999999999999	-1.3784105729374772
0.000864	-1.376389315264486
0.000865	-1.3743680575914947
0.0008659999999999999	-1.3723467999185037
0.0008669999999999999	-1.3703255422455125
0.000868	-1.3683042845725213
0.000869	-1.36628302689953
0.00087	-1.3642617692265389
0.0008709999999999999	-1.3622405115535479
0.0008719999999999999	-1.360097241855711
0.000873	-1.357784067562556
0.000874	-1.355470893269401
0.0008749999999999999	-1.3531577189762465
0.0008759999999999999	-1.3508445446830915
0.000877	-1.3485313703899366
0.000878	-1.3462181960967816
0.000879	-1.3439050218036268
0.0008799999999999999	-1.341591847510472
0.000881	-1.3392786732173172
0.000882	-1.3369654989241622
0.000883	-1.3346523246310074
0.0008839999999999999	-1.3323391503378526
0.0008849999999999999	-1.3300259760446977
0.000886	-1.3277128017515427
0.000887	-1.325399627458388
0.000888	-1.3230864531652329
0.0008889999999999999	-1.3207732788720783
0.00089	-1.3184601045789233
0.000891	-1.3161469302857685
0.000892	-1.3138337559926134
0.0008929999999999999	-1.3112897941951613
0.0008939999999999999	-1.3087230507985839
0.000895	-1.3061563074020064
0.000896	-1.3035895640054287
0.000897	-1.3010228206088512
0.0008979999999999999	-1.298456077212274
0.000899	-1.2958893338156963
0.0009	-1.2933225904191188
0.000901	-1.290755847022541
0.0009019999999999999	-1.2881891036259638
0.0009029999999999999	-1.2856223602293864
0.000904	-1.2830556168328089
0.000905	-1.2804888734362312
0.000906	-1.2779221300396537
0.0009069999999999999	-1.2753553866430765
0.000908	-1.2727886432464988
0.000909	-1.2702218998499213
0.00091	-1.2676551564533436
0.0009109999999999999	-1.2650884130567663
0.0009119999999999999	-1.2625216696601889
0.000913	-1.259870028813564
0.000914	-1.2570922781625222
0.0009149999999999999	-1.2543145275114806
0.0009159999999999999	-1.2515367768604388
0.000917	-1.248759026209397
0.000918	-1.245981275558355
0.000919	-1.2432035249073132
0.0009199999999999999	-1.2404257742562717
0.0009209999999999999	-1.2376480236052299
0.000922	-1.2348702729541878
0.000923	-1.232092522303146
0.0009239999999999999	-1.2293147716521045
0.0009249999999999999	-1.2265370210010627
0.000926	-1.2237592703500209
0.000927	-1.2209815196989788
0.000928	-1.218203769047937
0.0009289999999999999	-1.2154260183968955
0.0009299999999999999	-1.2126482677458537
0.000931	-1.2098705170948119
0.000932	-1.2070927664437698
0.0009329999999999999	-1.2043150157927283
0.0009339999999999999	-1.2013897157395332
0.000935	-1.1984470190319438
0.000936	-1.1955043223243542
0.000937	-1.1925616256167648
0.0009379999999999999	-1.1896189289091756
0.000939	-1.1866762322015862
0.00094	-1.1837335354939966
0.000941	-1.1807908387864072
0.0009419999999999999	-1.177848142078818
0.0009429999999999999	-1.1749054453712284
0.000944	-1.171962748663639
0.000945	-1.1690200519560494
0.000946	-1.16607735524846
0.0009469999999999999	-1.1631346585408708
0.000948	-1.1601919618332814
0.000949	-1.1572492651256918
0.00095	-1.1543065684181024
0.0009509999999999999	-1.1513638717105132
0.0009519999999999999	-1.1484211750029236
0.000953	-1.1454784782953342
0.000954	-1.1424908586228262
0.0009549999999999999	-1.1394319974807132
0.0009559999999999999	-1.1363731363385998
0.000957	-1.1333142751964864
0.000958	-1.1302554140543732
0.000959	-1.1271965529122598
0.0009599999999999999	-1.1241376917701469
0.0009609999999999999	-1.1210788306280335
0.000962	-1.1180199694859203
0.000963	-1.114961108343807
0.0009639999999999999	-1.111902247201694
0.0009649999999999999	-1.1088433860595808
0.000966	-1.1057845249174674
0.000967	-1.102725663775354
0.000968	-1.0996668026332408
0.0009689999999999999	-1.0966079414911278
0.0009699999999999999	-1.0935490803490144
0.000971	-1.090490219206901
0.000972	-1.0874313580647879
0.0009729999999999999	-1.084372496922675
0.0009739999999999999	-1.0813136357805615
0.000975	-1.078197257859227
0.000976	-1.0750729554038696
0.000977	-1.0719486529485123
0.000978	-1.0688243504931552
0.000979	-1.0657000480377974
0.00098	-1.0625757455824405
0.0009809999999999999	-1.0594514431270834
0.000982	-1.0563271406717256
0.000983	-1.0532028382163687
0.0009839999999999998	-1.0500785357610116
0.000985	-1.0469542333056538
0.000986	-1.043829930850297
0.000987	-1.0407056283949392
0.000988	-1.037581325939582
0.0009889999999999999	-1.0344570234842252
0.00099	-1.0313327210288674
0.000991	-1.0282084185735103
0.000992	-1.0250841161181528
0.000993	-1.0219598136627956
0.0009939999999999999	-1.0188355112074388
0.000995	-1.0157052000929898
0.000996	-1.0125647058826106
0.000997	-1.0094242116722305
0.000998	-1.006283717461851
0.0009989999999999999	-1.0031432232514719
0.001	-1.0000027290410918
0.001001	-0.9968622348307125
0.0010019999999999999	-0.9937217406203331
0.001003	-0.990581246409953
0.001004	-0.9874407521995737
0.001005	-0.9843002579891937
0.001006	-0.9811597637788143
0.0010069999999999999	-0.978019269568435
0.001008	-0.974878775358055
0.001009	-0.9717539313859863
0.00101	-0.9686358196393339
0.001011	-0.9655177078926822
0.0010119999999999999	-0.9623995961460305
0.001013	-0.9592814843993782
0.001014	-0.9561633726527266
0.001015	-0.9530452609060742
0.001016	-0.9499271491594226
0.001017	-0.9468090374127709
0.001018	-0.9436909256661186
0.001019	-0.9405728139194669
0.0010199999999999999	-0.9374547021728152
0.001021	-0.9343365904261629
0.001022	-0.9312184786795112
0.001023	-0.9281003669328588
0.001024	-0.9249822551862071
0.0010249999999999999	-0.9218641434395555
0.001026	-0.9187460316929031
0.001027	-0.9156279199462515
0.001028	-0.9125098081995991
0.001029	-0.9094056264557993
0.0010299999999999999	-0.9063602918668856
0.001031	-0.9033149572779714
0.001032	-0.9002696226890579
0.0010329999999999998	-0.8972242881001442
0.001034	-0.89417895351123
0.001035	-0.8911336189223165
0.001036	-0.8880882843334021
0.001037	-0.8850429497444886
0.0010379999999999999	-0.8819976151555751
0.001039	-0.8789522805666609
0.00104	-0.8759069459777472
0.001041	-0.872861611388833
0.001042	-0.8698162767999195
0.0010429999999999999	-0.8667709422110058
0.001044	-0.8637256076220916
0.001045	-0.8606802730331781
0.001046	-0.8576349384442638
0.001047	-0.8545896038553502
0.0010479999999999999	-0.8515442692664367
0.001049	-0.8484989346775224
0.00105	-0.8455378651617552
0.0010509999999999999	-0.8426157983369785
0.001052	-0.8396937315122013
0.001053	-0.8367716646874246
0.001054	-0.8338495978626472
0.001055	-0.8309275310378705
0.0010559999999999999	-0.8280054642130938
0.001057	-0.8250833973883166
0.001058	-0.8221613305635399
0.001059	-0.8192392637387625
0.00106	-0.816317196913986
0.0010609999999999999	-0.8133951300892093
0.001062	-0.8104730632644319
0.001063	-0.8075509964396552
0.001064	-0.804628929614878
0.001065	-0.8017068627901013
0.0010659999999999999	-0.7987847959653246
0.001067	-0.7958627291405472
0.001068	-0.7929406623157707
0.0010689999999999999	-0.790018595490994
0.00107	-0.7871267129692363
0.001071	-0.7843763612904789
0.001072	-0.781626009611721
0.001073	-0.7788756579329636
0.0010739999999999999	-0.7761253062542063
0.001075	-0.7733749545754484
0.001076	-0.770624602896691
0.001077	-0.7678742512179331
0.001078	-0.7651238995391758
0.0010789999999999999	-0.7623735478604184
0.00108	-0.7596231961816605
0.001081	-0.7568728445029032
0.0010819999999999998	-0.7541224928241458
0.001083	-0.7513721411453879
0.001084	-0.7486217894666305
0.001085	-0.7458714377878726
0.001086	-0.7431210861091153
0.0010869999999999999	-0.740370734430358
0.001088	-0.7376203827516
0.001089	-0.7348700310728427
0.00109	-0.7321196793940847
0.001091	-0.7295144887650449
0.0010919999999999999	-0.7269814542133336
0.001093	-0.7244484196616219
0.001094	-0.7219153851099107
0.001095	-0.7193823505581989
0.001096	-0.7168493160064877
0.0010969999999999999	-0.7143162814547764
0.001098	-0.7117832469030647
0.001099	-0.7092502123513535
0.0010999999999999998	-0.7067171777996423
0.001101	-0.7041841432479305
0.001102	-0.7016511086962193
0.001103	-0.6991180741445076
0.001104	-0.6965850395927964
0.0011049999999999999	-0.6940520050410851
0.001106	-0.6915189704893734
0.001107	-0.6889859359376621
0.001108	-0.6864529013859504
0.001109	-0.6839198668342391
0.0011099999999999999	-0.6813868322825279
0.001111	-0.6788953296001727
0.001112	-0.6766216159887517
0.001113	-0.6743479023773302
0.001114	-0.6720741887659091
0.0011149999999999999	-0.669800475154488
0.001116	-0.6675267615430666
0.001117	-0.6652530479316455
0.0011179999999999999	-0.6629793343202245
0.001119	-0.6607056207088029
0.00112	-0.6584319070973819
0.001121	-0.6561581934859603
0.001122	-0.6538844798745392
0.0011229999999999999	-0.6516107662631182
0.001124	-0.6493370526516967
0.001125	-0.6470633390402757
0.001126	-0.6447896254288541
0.001127	-0.6425159118174331
0.0011279999999999999	-0.640242198206012
0.001129	-0.6379684845945904
0.00113	-0.6356947709831694
0.0011309999999999998	-0.6334210573717484
0.001132	-0.6313410993189011
0.001133	-0.6293644002164087
0.001134	-0.6273877011139157
0.001135	-0.6254110020114233
0.0011359999999999999	-0.6234343029089308
0.001137	-0.6214576038064379
0.001138	-0.6194809047039453
0.001139	-0.6175042056014525
0.00114	-0.61552750649896
0.0011409999999999999	-0.6135508073964675
0.001142	-0.6115741082939746
0.001143	-0.6095974091914821
0.001144	-0.6076207100889892
0.001145	-0.6056440109864967
0.0011459999999999999	-0.6036673118840042
0.001147	-0.6016906127815113
0.001148	-0.5997139136790188
0.0011489999999999998	-0.5977372145765263
0.00115	-0.5957605154740334
0.001151	-0.593783816371541
0.001152	-0.5918547822860573
0.001153	-0.5902078735713996
0.0011539999999999999	-0.5885609648567419
0.001155	-0.5869140561420838
0.001156	-0.5852671474274261
0.001157	-0.5836202387127681
0.001158	-0.5819733299981105
0.0011589999999999999	-0.5803264212834528
0.00116	-0.5786795125687948
0.001161	-0.5770326038541371
0.001162	-0.575385695139479
0.001163	-0.5737387864248213
0.0011639999999999999	-0.5720918777101637
0.001165	-0.5704449689955057
0.001166	-0.568798060280848
0.0011669999999999999	-0.5671511515661903
0.001168	-0.5655042428515322
0.001169	-0.5638573341368746
0.00117	-0.5622104254222166
0.001171	-0.5605635167075589
0.0011719999999999999	-0.5589166079929012
0.001173	-0.5574970710730993
0.001174	-0.5562072616190442
0.001175	-0.554917452164989
0.001176	-0.553627642710934
0.0011769999999999999	-0.5523378332568789
0.001178	-0.5510480238028237
0.001179	-0.5497582143487687
0.0011799999999999998	-0.5484684048947136
0.001181	-0.5471785954406584
0.0011819999999999999	-0.5458887859866033
0.001183	-0.5445989765325481
0.001184	-0.5433091670784931
0.0011849999999999999	-0.542019357624438
0.001186	-0.5407295481703828
0.001187	-0.5394397387163278
0.001188	-0.5381499292622725
0.001189	-0.5368601198082175
0.0011899999999999999	-0.5355703103541624
0.001191	-0.5342805009001071
0.001192	-0.5329906914460522
0.001193	-0.5317496710504304
0.001194	-0.5308383464131536
0.0011949999999999999	-0.5299270217758769
0.001196	-0.5290156971386
0.001197	-0.5281043725013232
0.0011979999999999998	-0.5271930478640464
0.001199	-0.5262817232267695
0.0012	-0.5253703985894927
0.001201	-0.5244590739522158
0.001202	-0.5235477493149391
0.0012029999999999999	-0.5226364246776624
0.001204	-0.5217251000403853
0.001205	-0.5208137754031086
0.001206	-0.5199024507658316
0.001207	-0.5189911261285549
0.0012079999999999999	-0.5180798014912782
0.001209	-0.5171684768540012
0.00121	-0.5162571522167244
0.0012109999999999998	-0.5153458275794477
0.001212	-0.5144345029421707
0.0012129999999999999	-0.513523178304894
0.001214	-0.5128563114915287
0.001215	-0.51233857932542
0.0012159999999999999	-0.5118208471593114
0.001217	-0.5113031149932027
0.001218	-0.5107853828270941
0.001219	-0.5102676506609853
0.00122	-0.5097499184948767
0.0012209999999999999	-0.5092321863287681
0.001222	-0.5087144541626594
0.001223	-0.5081967219965507
0.001224	-0.507678989830442
0.001225	-0.5071612576643334
0.0012259999999999999	-0.5066435254982248
0.001227	-0.5061257933321162
0.001228	-0.5056080611660075
0.0012289999999999998	-0.5050903289998989
0.00123	-0.5045725968337902
0.0012309999999999999	-0.5040548646676816
0.001232	-0.5035371325015728
0.001233	-0.5030194003354642
0.0012339999999999999	-0.5025472277346046
0.001235	-0.5024316765580793
0.001236	-0.502316125381554
0.001237	-0.5022005742050287
0.001238	-0.5020850230285033
0.0012389999999999999	-0.501969471851978
0.00124	-0.5018539206754528
0.001241	-0.5017383694989275
0.001242	-0.5016228183224022
0.001243	-0.5015072671458769
0.0012439999999999999	-0.5013917159693516
0.001245	-0.5012761647928262
0.001246	-0.5011606136163009
0.0012469999999999998	-0.5010450624397756
0.001248	-0.5009295112632504
0.001249	-0.5008139600867251
0.00125	-0.5006984089101998
0.001251	-0.5005828577336744
0.0012519999999999999	-0.5004673065571491
0.001253	-0.5003517553806238
0.001254	-0.5002362042040985
0.001255	-0.5003246826785079
0.001256	-0.5005461095060749
0.0012569999999999999	-0.5007675363336418
0.001258	-0.5009889631612089
0.001259	-0.5012103899887758
0.0012599999999999998	-0.5014318168163427
0.001261	-0.5016532436439097
0.0012619999999999999	-0.5018746704714767
0.001263	-0.5020960972990437
0.001264	-0.5023175241266107
0.0012649999999999998	-0.5025389509541777
0.001266	-0.5027603777817446
0.001267	-0.5029818046093116
0.001268	-0.5032032314368786
0.001269	-0.5037367244788903
0.0012699999999999999	-0.5042924146993144
0.001271	-0.5048481049197385
0.001272	-0.5054037951401626
0.001273	-0.5059594853605869
0.001274	-0.5065151755810109
0.0012749999999999999	-0.507070865801435
0.001276	-0.5076265560218592
0.001277	-0.5081822462422834
0.0012779999999999998	-0.5087379364627074
0.001279	-0.5092936266831316
0.0012799999999999999	-0.5098493169035557
0.001281	-0.51040500712398
0.001282	-0.510960697344404
0.0012829999999999999	-0.5115163875648281
0.001284	-0.5120720777852523
0.001285	-0.5126277680056763
0.001286	-0.5131834582261006
0.001287	-0.5137391484465247
0.0012879999999999999	-0.5142948386669488
0.001289	-0.5150176194168835
0.00129	-0.515965742440507
0.001291	-0.5169138654641307
0.001292	-0.5178619884877541
0.0012929999999999999	-0.5188101115113776
0.001294	-0.5197582345350013
0.001295	-0.5207063575586247
0.0012959999999999998	-0.5216544805822483
0.001297	-0.522602603605872
0.001298	-0.5235507266294954
0.001299	-0.5244988496531191
0.0013	-0.5254469726767426
0.0013009999999999999	-0.526395095700366
0.001302	-0.5273432187239897
0.001303	-0.5282913417476132
0.001304	-0.5292394647712368
0.001305	-0.5301875877948603
0.0013059999999999999	-0.5311357108184838
0.001307	-0.5320838338421074
0.001308	-0.533031956865731
0.0013089999999999998	-0.5339800798893545
0.00131	-0.5352740153245362
0.0013109999999999999	-0.5365988531454067
0.001312	-0.5379236909662775
0.001313	-0.5392485287871479
0.0013139999999999998	-0.5405733666080185
0.001315	-0.5418982044288893
0.001316	-0.5432230422497597
0.001317	-0.5445478800706305
0.001318	-0.5458727178915009
0.0013189999999999999	-0.5471975557123714
0.00132	-0.5485223935332422
0.001321	-0.5498472313541127
0.001322	-0.5511720691749835
0.001323	-0.552496906995854
0.0013239999999999999	-0.5538217448167244
0.001325	-0.5551465826375952
0.001326	-0.5564714204584656
0.0013269999999999998	-0.5577962582793362
0.001328	-0.559121096100207
0.0013289999999999999	-0.5604459339210774
0.00133	-0.5619162714482383
0.001331	-0.5635958514101057
0.0013319999999999999	-0.5652754313719732
0.001333	-0.5669550113338411
0.001334	-0.5686345912957086
0.001335	-0.5703141712575764
0.001336	-0.571993751219444
0.0013369999999999999	-0.5736733311813115
0.001338	-0.5753529111431793
0.001339	-0.5770324911050468
0.00134	-0.5787120710669147
0.001341	-0.5803916510287822
0.0013419999999999999	-0.5820712309906497
0.001343	-0.5837508109525176
0.001344	-0.585430390914385
0.0013449999999999998	-0.5871099708762525
0.001346	-0.5887895508381203
0.0013469999999999999	-0.5904691307999879
0.001348	-0.5921487107618557
0.001349	-0.5938282907237232
0.0013499999999999999	-0.5955078706855907
0.001351	-0.5974824280740079
0.001352	-0.5994889094263144
0.001353	-0.6014953907786212
0.001354	-0.6035018721309278
0.0013549999999999999	-0.6055083534832342
0.001356	-0.6075148348355411
0.001357	-0.6095213161878476
0.0013579999999999998	-0.6115277975401541
0.001359	-0.6135342788924609
0.0013599999999999999	-0.6155407602447674
0.001361	-0.6175472415970743
0.001362	-0.6195537229493808
0.0013629999999999998	-0.6215602043016872
0.001364	-0.6235666856539942
0.001365	-0.6255731670063006
0.001366	-0.6275796483586076
0.001367	-0.629586129710914
0.0013679999999999999	-0.6315926110632205
0.001369	-0.6335990924155274
0.00137	-0.6356055737678339
0.001371	-0.6377279007436298
0.001372	-0.640028010606911
0.0013729999999999999	-0.6423281204701922
0.001374	-0.6446282303334738
0.001375	-0.6469283401967549
0.0013759999999999998	-0.6492284500600362
0.001377	-0.6515285599233178
0.0013779999999999999	-0.6538286697865989
0.001379	-0.6561287796498807
0.00138	-0.6584288895131618
0.0013809999999999998	-0.6607289993764429
0.001382	-0.6630291092397247
0.001383	-0.6653292191030058
0.001384	-0.6676293289662875
0.001385	-0.6699294388295687
0.0013859999999999999	-0.6722295486928498
0.001387	-0.6745296585561315
0.001388	-0.6768297684194127
0.001389	-0.6791298782826942
0.00139	-0.6814299881459754
0.0013909999999999999	-0.6837300980092567
0.001392	-0.6862567558744344
0.001393	-0.6888123559953421
0.0013939999999999998	-0.6913679561162497
0.001395	-0.6939235562371578
0.0013959999999999999	-0.6964791563580656
0.001397	-0.6990347564789737
0.001398	-0.7015903565998813
0.0013989999999999999	-0.704145956720789
0.0014	-0.7067015568416972
0.001401	-0.7092571569626048
0.001402	-0.711812757083513
0.001403	-0.7143683572044207
0.0014039999999999999	-0.7169239573253283
0.001405	-0.7194795574462365
0.001406	-0.7220351575671442
0.0014069999999999998	-0.7245907576880518
0.001408	-0.72714635780896
0.0014089999999999999	-0.7297019579298676
0.00141	-0.7322575580507759
0.001411	-0.7348131581716835
0.0014119999999999998	-0.7374495108810587
0.001413	-0.7402182312354119
0.001414	-0.7429869515897645
0.001415	-0.7457556719441176
0.001416	-0.7485243922984702
0.0014169999999999999	-0.7512931126528227
0.001418	-0.754061833007176
0.001419	-0.7568305533615285
0.00142	-0.7595992737158817
0.001421	-0.7623679940702343
0.0014219999999999999	-0.7651367144245869
0.001423	-0.76790543477894
0.001424	-0.7706741551332926
0.0014249999999999998	-0.7734428754876452
0.001426	-0.7762115958419984
0.0014269999999999999	-0.7789803161963509
0.001428	-0.7817490365507042
0.001429	-0.7845177569050567
0.0014299999999999998	-0.7872864772594093
0.001431	-0.7900551976137624
0.001432	-0.792823917968115
0.001433	-0.7957382965884559
0.001434	-0.7986742300194454
0.0014349999999999999	-0.8016101634504349
0.001436	-0.804546096881425
0.001437	-0.8074820303124144
0.001438	-0.8104179637434046
0.001439	-0.813353897174394
0.0014399999999999999	-0.8162898306053835
0.001441	-0.8192257640363736
0.001442	-0.8221616974673631
0.0014429999999999998	-0.8250976308983525
0.001444	-0.8280335643293426
0.0014449999999999999	-0.8309694977603321
0.001446	-0.8339054311913222
0.001447	-0.8368413646223117
0.0014479999999999999	-0.8397772980533011
0.001449	-0.8427132314842913
0.00145	-0.8456491649152807
0.001451	-0.8485850983462708
0.001452	-0.8515210317772604
0.0014529999999999999	-0.8545000260900086
0.001454	-0.8575544927008724
0.001455	-0.8606089593117353
0.0014559999999999998	-0.8636634259225983
0.001457	-0.8667178925334619
0.0014579999999999999	-0.8697723591443249
0.001459	-0.8728268257551886
0.00146	-0.8758812923660515
0.0014609999999999998	-0.8789357589769146
0.001462	-0.8819902255877782
0.0014629999999999999	-0.8850446921986411
0.001464	-0.8880991588095047
0.001465	-0.8911536254203678
0.0014659999999999999	-0.8942080920312308
0.001467	-0.8972625586420944
0.001468	-0.9003170252529573
0.001469	-0.903371491863821
0.00147	-0.906425958474684
0.0014709999999999999	-0.9094804250855469
0.001472	-0.9125348916964107
0.001473	-0.9155893583072736
0.0014739999999999998	-0.9187019039224289
0.001475	-0.9218242619720947
0.0014759999999999999	-0.9249466200217596
0.001477	-0.9280689780714254
0.001478	-0.9311913361210905
0.0014789999999999998	-0.9343136941707556
0.00148	-0.9374360522204213
0.001481	-0.9405584102700864
0.001482	-0.9436807683197521
0.001483	-0.9468031263694172
0.0014839999999999999	-0.9499254844190822
0.001485	-0.953047842468748
0.001486	-0.9561702005184131
0.001487	-0.9592925585680787
0.001488	-0.9624149166177438
0.0014889999999999999	-0.9655372746674089
0.00149	-0.9686596327170747
0.001491	-0.9717819907667397
0.0014919999999999998	-0.9749043488164048
0.001493	-0.9780267068660705
0.0014939999999999999	-0.9811554094725453
0.001495	-0.9842960170339298
0.001496	-0.9874366245953136
0.0014969999999999998	-0.9905772321566974
0.001498	-0.9937178397180819
0.001499	-0.9968584472794657
0.0015	-0.9999990548408502
0.001501	-1.003139662402234
0.0015019999999999999	-1.0062802699636177
0.001503	-1.0094208775250022
0.001504	-1.0125614850863862
0.0015049999999999998	-1.01570209264777
0.001506	-1.0188427002091545
0.0015069999999999999	-1.0219833077705383
0.001508	-1.0251101861683427
0.001509	-1.0282304777420033
0.0015099999999999998	-1.0313507693156638
0.001511	-1.0344710608893253
0.0015119999999999999	-1.0375913524629858
0.001513	-1.040711644036647
0.001514	-1.0438319356103076
0.0015149999999999999	-1.0469522271839682
0.001516	-1.0500725187576296
0.001517	-1.0531928103312902
0.001518	-1.0563131019049514
0.001519	-1.059433393478612
0.0015199999999999999	-1.0625536850522725
0.001521	-1.0656739766259338
0.001522	-1.0687942681995946
0.0015229999999999998	-1.0719145597732551
0.001524	-1.0750348513469163
0.0015249999999999999	-1.078155142920577
0.001526	-1.0812754344942381
0.001527	-1.084395726067899
0.0015279999999999998	-1.0875042044096777
0.001529	-1.0905541660447227
0.00153	-1.0936041276797672
0.001531	-1.0966540893148125
0.001532	-1.099704050949857
0.0015329999999999999	-1.1027540125849016
0.001534	-1.1058039742199468
0.001535	-1.1088539358549911
0.001536	-1.1119038974900364
0.001537	-1.114953859125081
0.0015379999999999999	-1.1180038207601255
0.001539	-1.1210537823951707
0.00154	-1.1241037440302153
0.0015409999999999998	-1.1271537056652596
0.001542	-1.1302036673003049
0.0015429999999999999	-1.1332536289353494
0.001544	-1.1363035905703947
0.001545	-1.1393535522054392
0.0015459999999999998	-1.1424035138404838
0.001547	-1.145453475475529
0.001548	-1.1485034371105733
0.001549	-1.151473580746633
0.00155	-1.1544026346435823
0.0015509999999999999	-1.1573316885405316
0.001552	-1.1602607424374816
0.001553	-1.1631897963344309
0.0015539999999999998	-1.1661188502313802
0.001555	-1.1690479041283302
0.0015559999999999999	-1.1719769580252795
0.001557	-1.1749060119222292
0.001558	-1.1778350658191785
0.0015589999999999998	-1.1807641197161278
0.00156	-1.1836931736130778
0.0015609999999999999	-1.186622227510027
0.001562	-1.189551281406977
0.001563	-1.1924803353039264
0.0015639999999999999	-1.1954093892008757
0.001565	-1.1983384430978257
0.001566	-1.2012674969947748
0.001567	-1.2041965508917247
0.001568	-1.207125604788674
0.0015689999999999999	-1.2100288421087897
0.00157	-1.2127884333476295
0.001571	-1.2155480245864687
0.0015719999999999998	-1.2183076158253079
0.001573	-1.2210672070641475
0.0015739999999999999	-1.2238267983029867
0.001575	-1.2265863895418265
0.001576	-1.2293459807806657
0.0015769999999999998	-1.2321055720195049
0.001578	-1.2348651632583447
0.0015789999999999999	-1.237624754497184
0.00158	-1.2403843457360237
0.001581	-1.243143936974863
0.0015819999999999999	-1.245903528213702
0.001583	-1.2486631194525417
0.001584	-1.251422710691381
0.0015849999999999998	-1.25418230193022
0.001586	-1.25694189316906
0.0015869999999999999	-1.259701484407899
0.001588	-1.262461075646739
0.001589	-1.265220666885578
0.0015899999999999998	-1.267841537339533
0.001591	-1.2703859011788192
0.0015919999999999999	-1.272930265018105
0.001593	-1.275474628857391
0.001594	-1.2780189926966765
0.0015949999999999998	-1.2805633565359622
0.001596	-1.2831077203752483
0.001597	-1.285652084214534
0.001598	-1.2881964480538202
0.001599	-1.2907408118931059
0.0015999999999999999	-1.2932851757323913
0.001601	-1.2958295395716777
0.001602	-1.2983739034109631
0.0016029999999999998	-1.3009182672502488
0.001604	-1.303462631089535
0.0016049999999999999	-1.3060069949288207
0.001606	-1.3085513587681068
0.001607	-1.3110957226073925
0.0016079999999999998	-1.313640086446678
0.001609	-1.316184450285964
0.0016099999999999999	-1.3186936211587694
0.001611	-1.3209805735862252
0.001612	-1.3232675260136806
0.0016129999999999999	-1.325554478441136
0.001614	-1.3278414308685915
0.001615	-1.3301283832960469
0.001616	-1.3324153357235027
0.001617	-1.3347022881509578
0.0016179999999999999	-1.3369892405784132
0.001619	-1.339276193005869
0.00162	-1.3415631454333243
0.0016209999999999998	-1.3438500978607795
0.001622	-1.3461370502882353
0.0016229999999999999	-1.3484240027156906
0.001624	-1.3507109551431462
0.001625	-1.3529979075706016
0.0016259999999999998	-1.355284859998057
0.001627	-1.3575718124255127
0.0016279999999999999	-1.3598587648529679
0.001629	-1.3621457172804237
0.00163	-1.364432669707879
0.0016309999999999999	-1.366533891678006
0.001632	-1.3685255211422922
0.001633	-1.3705171506065779
0.0016339999999999998	-1.3725087800708635
0.001635	-1.3745004095351496
0.0016359999999999999	-1.376492038999435
0.001637	-1.3784836684637212
0.001638	-1.3804752979280068
0.0016389999999999998	-1.3824669273922925
0.00164	-1.3844585568565786
0.0016409999999999999	-1.3864501863208643
0.001642	-1.3884418157851504
0.001643	-1.390433445249436
0.0016439999999999998	-1.3924250747137217
0.001645	-1.3944167041780076
0.001646	-1.3964083336422932
0.001647	-1.3983999631065793
0.001648	-1.400391592570865
0.0016489999999999999	-1.4023832220351506
0.00165	-1.4043748514994367
0.001651	-1.4063267196247822
0.0016519999999999998	-1.4079899973870589
0.001653	-1.409653275149336
0.0016539999999999999	-1.4113165529116127
0.001655	-1.4129798306738899
0.001656	-1.4146431084361666
0.0016569999999999998	-1.4163063861984433
0.001658	-1.4179696639607204
0.0016589999999999999	-1.4196329417229971
0.00166	-1.421296219485274
0.001661	-1.422959497247551
0.0016619999999999998	-1.4246227750098277
0.001663	-1.4262860527721046
0.001664	-1.4279493305343813
0.001665	-1.4296126082966585
0.001666	-1.4312758860589352
0.0016669999999999999	-1.432939163821212
0.001668	-1.434602441583489
0.001669	-1.4362657193457657
0.0016699999999999998	-1.4379289971080425
0.001671	-1.4395922748703196
0.0016719999999999999	-1.4410372651191992
0.001673	-1.4423446091017145
0.001674	-1.4436519530842291
0.0016749999999999998	-1.444959297066744
0.001676	-1.446266641049259
0.0016769999999999999	-1.447573985031774
0.001678	-1.448881329014289
0.001679	-1.4501886729968039
0.0016799999999999999	-1.4514960169793187
0.001681	-1.4528033609618338
0.001682	-1.4541107049443487
0.0016829999999999998	-1.4554180489268636
0.001684	-1.4567253929093786
0.0016849999999999999	-1.4580327368918935
0.001686	-1.4593400808744086
0.001687	-1.4606474248569234
0.0016879999999999998	-1.4619547688394383
0.001689	-1.4632621128219534
0.0016899999999999999	-1.4645694568044683
0.001691	-1.4658768007869833
0.001692	-1.4671443193300155
0.0016929999999999998	-1.4680740591458636
0.001694	-1.4690037989617122
0.001695	-1.4699335387775603
0.001696	-1.4708632785934086
0.001697	-1.471793018409257
0.0016979999999999999	-1.472722758225105
0.001699	-1.4736524980409533
0.0017	-1.4745822378568016
0.0017009999999999998	-1.4755119776726497
0.001702	-1.476441717488498
0.0017029999999999999	-1.4773714573043464
0.001704	-1.4783011971201947
0.001705	-1.4792309369360428
0.0017059999999999998	-1.4801606767518911
0.001707	-1.4810904165677394
0.0017079999999999999	-1.4820201563835875
0.001709	-1.482949896199436
0.00171	-1.4838796360152842
0.0017109999999999998	-1.4848093758311325
0.001712	-1.4857391156469808
0.001713	-1.4864339681353311
0.001714	-1.4869706938607776
0.001715	-1.4875074195862241
0.0017159999999999999	-1.4880441453116706
0.001717	-1.4885808710371171
0.001718	-1.4891175967625634
0.0017189999999999998	-1.4896543224880099
0.00172	-1.4901910482134564
0.0017209999999999999	-1.4907277739389029
0.001722	-1.4912644996643494
0.001723	-1.4918012253897956
0.0017239999999999998	-1.4923379511152421
0.001725	-1.4928746768406886
0.0017259999999999999	-1.4934114025661351
0.001727	-1.4939481282915816
0.001728	-1.494484854017028
0.0017289999999999999	-1.4950215797424744
0.00173	-1.495558305467921
0.001731	-1.4960950311933674
0.0017319999999999998	-1.4966317569188137
0.001733	-1.497132372174955
0.0017339999999999999	-1.4972671726771871
0.001735	-1.4974019731794193
0.001736	-1.4975367736816514
0.0017369999999999998	-1.4976715741838835
0.001738	-1.4978063746861157
0.0017389999999999999	-1.4979411751883478
0.00174	-1.49807597569058
0.001741	-1.498210776192812
0.0017419999999999998	-1.4983455766950442
0.001743	-1.4984803771972766
0.0017439999999999999	-1.4986151776995087
0.001745	-1.4987499782017408
0.001746	-1.498884778703973
0.0017469999999999999	-1.499019579206205
0.001748	-1.4991543797084372
0.001749	-1.4992891802106694
0.0017499999999999998	-1.4994239807129015
0.001751	-1.4995587812151336
0.0017519999999999999	-1.4996935817173658
0.001753	-1.499828382219598
0.001754	-1.4997670374597658
0.0017549999999999998	-1.4995648367064176
0.001756	-1.4993626359530694
0.0017569999999999999	-1.4991604351997212
0.001758	-1.498958234446373
0.001759	-1.4987560336930248
0.0017599999999999998	-1.4985538329396766
0.001761	-1.4983516321863282
0.001762	-1.49814943143298
0.001763	-1.4979472306796318
0.001764	-1.4977450299262836
0.0017649999999999999	-1.4975428291729354
0.001766	-1.4973406284195871
0.001767	-1.497138427666239
0.0017679999999999998	-1.496631756918727
0.001769	-1.4960950311932806
0.0017699999999999999	-1.4955583054678343
0.001771	-1.4950215797423878
0.001772	-1.4944848540169413
0.0017729999999999998	-1.4939481282914948
0.001774	-1.4934114025660483
0.0017749999999999999	-1.492874676840602
0.001776	-1.4923379511151555
0.001777	-1.491801225389709
0.0017779999999999998	-1.4912644996642626
0.001779	-1.490727773938816
0.00178	-1.4901910482133698
0.0017809999999999998	-1.4896543224879233
0.001782	-1.4891175967624768
0.0017829999999999999	-1.4885808710370303
0.001784	-1.4880441453115838
0.001785	-1.4875074195861375
0.0017859999999999998	-1.486970693860691
0.001787	-1.4864339681352445
0.0017879999999999999	-1.4857391156468305
0.001789	-1.4848093758309822
0.00179	-1.483879636015134
0.0017909999999999998	-1.4829498961992857
0.001792	-1.4820201563834374
0.0017929999999999999	-1.4810904165675893
0.001794	-1.4801606767517408
0.001795	-1.4792309369358927
0.0017959999999999999	-1.4783011971200446
0.001797	-1.477371457304196
0.001798	-1.476441717488348
0.0017989999999999998	-1.4755119776724999
0.0018	-1.4745822378566513
0.0018009999999999999	-1.4736524980408032
0.001802	-1.472722758224955
0.001803	-1.4717930184091066
0.0018039999999999998	-1.4708632785932585
0.001805	-1.4699335387774102
0.0018059999999999999	-1.4690037989615619
0.001807	-1.4680740591457135
0.001808	-1.4671443193298654
0.0018089999999999998	-1.4658768007867722
0.00181	-1.464569456804257
0.001811	-1.4632621128217422
0.001812	-1.4619547688392271
0.001813	-1.4606474248567123
0.0018139999999999999	-1.4593400808741974
0.001815	-1.4580327368916823
0.001816	-1.4567253929091675
0.0018169999999999998	-1.4554180489266526
0.001818	-1.4541107049441375
0.0018189999999999999	-1.4528033609616227
0.00182	-1.4514960169791076
0.001821	-1.4501886729965927
0.0018219999999999998	-1.4488813290140778
0.001823	-1.4475739850315628
0.0018239999999999999	-1.446266641049048
0.001825	-1.4449592970665328
0.001826	-1.443651953084018
0.0018269999999999998	-1.442344609101503
0.001828	-1.441037265118988
0.001829	-1.439592274870051
0.0018299999999999998	-1.4379289971077742
0.001831	-1.436265719345497
0.0018319999999999999	-1.4346024415832204
0.001833	-1.4329391638209432
0.001834	-1.4312758860586665
0.0018349999999999998	-1.4296126082963898
0.001836	-1.4279493305341127
0.0018369999999999999	-1.426286052771836
0.001838	-1.424622775009559
0.001839	-1.422959497247282
0.0018399999999999998	-1.4212962194850054
0.001841	-1.4196329417227285
0.0018419999999999999	-1.4179696639604518
0.001843	-1.4163063861981746
0.001844	-1.414643108435898
0.0018449999999999999	-1.4129798306736212
0.001846	-1.411316552911344
0.001847	-1.4096532751490674
0.0018479999999999998	-1.4079899973867906
0.001849	-1.4063267196245135
0.0018499999999999999	-1.404374851499115
0.001851	-1.402383222034829
0.001852	-1.4003915925705432
0.0018529999999999998	-1.3983999631062576
0.001854	-1.3964083336419715
0.0018549999999999999	-1.3944167041776858
0.001856	-1.3924250747134
0.001857	-1.3904334452491143
0.0018579999999999998	-1.3884418157848286
0.001859	-1.3864501863205425
0.0018599999999999999	-1.3844585568562569
0.001861	-1.3824669273919707
0.001862	-1.380475297927685
0.0018629999999999999	-1.3784836684633994
0.001864	-1.3764920389991133
0.001865	-1.3745004095348279
0.0018659999999999998	-1.3725087800705422
0.001867	-1.3705171506062561
0.0018679999999999999	-1.3685255211419705
0.001869	-1.3665338916776844
0.00187	-1.3644326697075095
0.0018709999999999998	-1.3621457172800542
0.001872	-1.3598587648525984
0.0018729999999999999	-1.3575718124251432
0.001874	-1.3552848599976874
0.001875	-1.352997907570232
0.0018759999999999998	-1.350710955142777
0.001877	-1.3484240027153211
0.001878	-1.3461370502878658
0.0018789999999999998	-1.3438500978604107
0.00188	-1.3415631454329549
0.0018809999999999999	-1.3392761930054995
0.001882	-1.3369892405780437
0.001883	-1.3347022881505886
0.0018839999999999998	-1.3324153357231332
0.001885	-1.3301283832956774
0.0018859999999999999	-1.3278414308682223
0.001887	-1.3255544784407665
0.001888	-1.323267526013311
0.0018889999999999998	-1.3209805735858557
0.00189	-1.3186936211584002
0.0018909999999999999	-1.316184450285553
0.001892	-1.313640086446267
0.001893	-1.3110957226069813
0.0018939999999999999	-1.3085513587676958
0.001895	-1.3060069949284097
0.001896	-1.303462631089124
0.0018969999999999998	-1.3009182672498383
0.001898	-1.2983739034105521
0.0018989999999999999	-1.2958295395712665
0.0019	-1.2932851757319803
0.001901	-1.2907408118926949
0.0019019999999999998	-1.2881964480534092
0.001903	-1.285652084214123
0.0019039999999999999	-1.2831077203748373
0.001905	-1.2805633565355512
0.001906	-1.2780189926962655
0.0019069999999999998	-1.27547462885698
0.001908	-1.2729302650176937
0.0019089999999999999	-1.2703859011784082
0.0019099999999999998	-1.2678415373391225
0.001911	-1.2652206668851322
0.0019119999999999999	-1.262461075646293
0.001913	-1.2597014844074534
0.001914	-1.2569418931686143
0.0019149999999999998	-1.2541823019297749
0.001916	-1.2514227106909352
0.0019169999999999999	-1.248663119452096
0.001918	-1.2459035282132562
0.001919	-1.243143936974417
0.0019199999999999998	-1.2403843457355779
0.001921	-1.237624754496738
0.0019219999999999999	-1.2348651632578989
0.001923	-1.232105572019059
0.001924	-1.2293459807802198
0.0019249999999999998	-1.2265863895413807
0.001926	-1.223826798302541
0.001927	-1.2210672070637019
0.0019279999999999998	-1.2183076158248627
0.001929	-1.2155480245860228
0.0019299999999999999	-1.2127884333471837
0.001931	-1.2100288421083438
0.001932	-1.2071256047882009
0.0019329999999999998	-1.2041965508912515
0.001934	-1.2012674969943016
0.0019349999999999999	-1.1983384430973525
0.001936	-1.1954093892004025
0.001937	-1.1924803353034532
0.0019379999999999998	-1.189551281406504
0.001939	-1.186622227509554
0.0019399999999999999	-1.1836931736126046
0.001941	-1.1807641197156546
0.001942	-1.1778350658187053
0.0019429999999999998	-1.174906011921756
0.001944	-1.1719769580248063
0.001945	-1.169047904127857
0.0019459999999999998	-1.1661188502309077
0.001947	-1.1631897963339577
0.0019479999999999999	-1.1602607424370084
0.001949	-1.1573316885400584
0.00195	-1.154402634643109
0.0019509999999999998	-1.1514735807461598
0.001952	-1.1485034371100806
0.0019529999999999999	-1.1454534754750363
0.001954	-1.142403513839991
0.0019549999999999997	-1.1393535522049472
0.001956	-1.136303590569902
0.001957	-1.1332536289348567
0.001958	-1.1302036672998115
0.001959	-1.1271537056647676
0.00196	-1.1241037440297226
0.001961	-1.1210537823946773
0.0019619999999999998	-1.1180038207596334
0.001963	-1.1149538591245882
0.001964	-1.111903897489543
0.0019649999999999997	-1.108853935854499
0.001966	-1.105803974219454
0.001967	-1.1027540125844089
0.0019679999999999997	-1.099704050949365
0.001969	-1.0966540893143197
0.00197	-1.0936041276792745
0.001971	-1.0905541660442293
0.001972	-1.0875042044091856
0.001973	-1.0843957260673946
0.001974	-1.0812754344937334
0.0019749999999999998	-1.0781551429200735
0.001976	-1.0750348513464123
0.001977	-1.071914559772751
0.0019779999999999997	-1.0687942681990912
0.001979	-1.0656739766254297
0.00198	-1.0625536850517685
0.001981	-1.0594333934781073
0.001982	-1.0563131019044474
0.001983	-1.0531928103307862
0.001984	-1.0500725187571247
0.001985	-1.0469522271834648
0.001986	-1.0438319356098036
0.001987	-1.0407116440361424
0.0019879999999999997	-1.0375913524624825
0.001989	-1.034471060888821
0.00199	-1.0313507693151598
0.0019909999999999997	-1.0282304777415
0.001992	-1.0251101861678387
0.001993	-1.0219833756171466
0.001994	-1.018842977319155
0.001995	-1.0157025790211647
0.001996	-1.012562180723173
0.001997	-1.0094217824251814
0.0019979999999999998	-1.0062813841271911
0.001999	-1.0031409858291995
0.002	-1.0
